PANEL 1
1040.352417 21.725637
1061.588379 20.716604
1061.735962 43.537392
1040.814087 44.995319
CENTER 1051.122681 32.743736

PANEL 2
1041.545776 88.969597
1062.165771 87.763832
1062.568726 110.324356
1042.330322 111.527550
CENTER 1052.152588 99.646339

PANEL 3
1022.509888 147.238098
1042.801147 146.944580
1043.718750 165.097092
1022.784973 164.995926
CENTER 1032.953735 156.068924

PANEL 4
1024.932007 252.781876
1043.760376 252.864914
1044.331299 274.461761
1025.667847 274.945984
CENTER 1034.672852 263.763611

PANEL 5
1026.493408 327.326263
1045.363403 326.822723
1044.640747 348.635529
1026.405396 348.577545
CENTER 1035.725708 337.840515

PANEL 6
1045.024414 369.411499
1065.467773 369.398865
1065.168823 390.603760
1045.524902 391.191315
CENTER 1055.296509 380.151337

PANEL 7
1026.692017 463.189575
1047.179810 464.717499
1045.595825 477.482544
1023.493530 478.129120
CENTER 1035.740356 470.879700

